.Random.seed <-
c(403L, 1L, -224431531L, 1696775151L, -528573450L, -78205664L, 
38011619L, -1180560511L, 1952253424L, 731217038L, -107723783L, 
-1374019189L, 1144159674L, -533838660L, -1992394753L, -1449683627L, 
286754412L, -1045810494L, 913700125L, 514214807L, 1908784894L, 
-799507272L, 948235931L, -1613185799L, 1119551048L, 1783003510L, 
1517740209L, 1458164963L, 1439212466L, 666737668L, -219373753L, 
-2005453283L, 1942473876L, -2117141446L, -1897630075L, -1804810401L, 
516556774L, 36088432L, -1730380397L, -894842319L, -529651488L, 
-103874178L, -415669239L, -1857510341L, 1758382602L, -1726066196L, 
-1512995217L, 767551909L, 1397313884L, 1033989426L, -1559333843L, 
1545177831L, -1343086578L, -1940237848L, -1459260437L, 1565281417L, 
1098987544L, -908835002L, -1742891615L, 1791233075L, 1288208802L, 
-1218120556L, -786971881L, -1725215475L, 502672420L, 1876794378L, 
1197121909L, 371628239L, -1856472106L, -1333529728L, 240936899L, 
1141330273L, 1487574992L, -493641938L, 1300194009L, -286531349L, 
-278032038L, -158975204L, 625397279L, -103123339L, -1906294004L, 
-1446420766L, -915000387L, 1225647159L, -470194466L, 1880732184L, 
416791931L, 1972303129L, -21759576L, -341267114L, 951725521L, 
-1135073917L, -1714480110L, 1724831652L, 2008444775L, 1444220093L, 
1879895092L, 956014490L, -800130075L, 1987639167L, 1830291206L, 
1575784592L, -160372429L, 1991933649L, -1641468800L, -589152930L, 
-1067248983L, -1310073509L, -1959927958L, 1097553420L, -1699520945L, 
-1262144763L, -172825668L, -1119594862L, -1220659827L, -1529772601L, 
-453314898L, 581017352L, -208519925L, 2093693929L, 680869048L, 
538360678L, -2092355583L, 1305665171L, 647053634L, 1339731700L, 
-2015814921L, -1307268371L, 1108125060L, -333706326L, -984772331L, 
-673358929L, 1960281014L, 1197029856L, -1555277533L, 1832726081L, 
-478052048L, 753308494L, -74950215L, -695147573L, -1250535302L, 
1796442492L, -640599617L, 110311061L, 286190764L, 885266050L, 
1180532317L, 653238615L, 1675013182L, -313696136L, -996766885L, 
-559982919L, 418048776L, 317645238L, 839393009L, 409442595L, 
1937779570L, -460848700L, 773134727L, -1365507235L, -1518351020L, 
-297934982L, 322047685L, 176062495L, 159213478L, 737425712L, 
-2047577133L, 173623793L, -1627369696L, -374453826L, -801973815L, 
-610632325L, 234654538L, -834634836L, 1979851439L, 1332019301L, 
-1329303524L, 1233313394L, 718012653L, 77730087L, 1933188430L, 
-945640024L, 2127681963L, 344535753L, -1781034280L, 415719302L, 
-209571231L, 436489203L, 1836760674L, -1828632364L, 719327703L, 
-1426959411L, 1787131748L, 1635812170L, 911631029L, -39472625L, 
-9858282L, -55657024L, 277891L, -488279135L, -989041776L, 2090547310L, 
-1524097511L, 1958117035L, -1847958886L, 1138654812L, -2142717089L, 
1773311285L, -2078104372L, 1859948066L, 969564285L, -151045769L, 
-1996040546L, -1208453800L, -623512389L, -1342936487L, -842583576L, 
-1410653162L, 610807697L, -964341693L, 346085202L, 267328484L, 
193249831L, -1010230659L, -1458609292L, 1152745306L, 865679781L, 
-1796459073L, 1714955846L, 1158772564L, 735630402L, 1553079712L, 
-564622660L, -1866985008L, -1702570654L, -933462040L, 1501462476L, 
1476462332L, -1076995598L, -1803464576L, -1878401804L, 982408840L, 
-2032234694L, -1504707760L, -22618516L, -42919788L, 1868360018L, 
-898607392L, -1749345588L, -1572032352L, -480388222L, -1088269592L, 
522105580L, -2055893956L, 418105970L, -49232784L, 1912331812L, 
1113242680L, -1496520678L, -26125616L, -350704580L, 676897940L, 
-617948030L, -509001792L, 19689788L, 1509210768L, -446995422L, 
525976584L, -848549748L, 1737110556L, -1745916270L, -711547776L, 
-1753239532L, 571129128L, 1420422714L, -689451824L, 1930585196L, 
1546683060L, 2102906898L, 933812192L, -1880598580L, 906984928L, 
1878283810L, -906329816L, -748955380L, 1866507836L, 530772210L, 
-288423184L, -214760636L, 1640526424L, -184919494L, -1591017744L, 
432342204L, -193227244L, 818051266L, 1827002464L, -622488196L, 
-647785264L, 813202466L, -305888600L, -925878388L, -1541959236L, 
-894774222L, 987395904L, -1243596620L, -1765405880L, -1961035078L, 
496809744L, -669703956L, 1316693076L, 1916194578L, 541506464L, 
319606732L, -323843232L, 48206018L, 1938744872L, -1276353108L, 
-672055492L, -103819406L, 1681091376L, 686248484L, -700860360L, 
440067290L, -1332409968L, 1221568252L, 862220180L, 1536838466L, 
-1974705664L, 1625315900L, 994926160L, 1361197730L, 1945779016L, 
-1097186804L, 556580060L, -37393838L, 772171904L, 2012523348L, 
1491646952L, -2140955910L, 648890192L, -1443816404L, 2055210356L, 
-31680878L, 1316653664L, 1616401036L, 879217504L, 1222013666L, 
-257326936L, 1211297996L, 1389607420L, 1324605362L, -1878759952L, 
2046576068L, 479883096L, -953091206L, -321579600L, -62309956L, 
94312532L, -1785271358L, -1289624800L, 1437810620L, 877734480L, 
1261755874L, 1349734760L, 1829453132L, 699177212L, -211373326L, 
367593216L, 1852327540L, 1013561352L, 999385530L, -1863530544L, 
1303214572L, -590274668L, 1207939794L, -457408928L, -1694001844L, 
540263712L, -1502047614L, -618104344L, 1261750252L, -2030180804L, 
1625931378L, -1012071568L, -801887964L, -960646600L, -1754902118L, 
1243093456L, -845521476L, -1682474860L, 39140482L, -1874668096L, 
303964988L, 1093252240L, 955872034L, 773205512L, -1428062964L, 
704009628L, -995066350L, -825349248L, -1926954220L, -1223585496L, 
2134944826L, 226892752L, 1906717292L, -1301796300L, 1907505810L, 
-1848468128L, -1034528436L, -844970016L, 804644258L, 1569508776L, 
198510220L, 1741311420L, 745483890L, -639968272L, -346786236L, 
-1662465960L, -1156597702L, -893011856L, 1826072636L, -1473898220L, 
-1809100094L, 1338003168L, -1990739844L, -1166233904L, -1799198302L, 
799023144L, 1272064780L, 851628476L, 1608889138L, 1240971968L, 
2048295988L, 743425736L, 837682362L, 1513735824L, 1372540652L, 
-458552748L, -182033774L, 1787842848L, -2028226100L, 1203704544L, 
-1201870654L, 400749608L, -460077140L, -1770499396L, -1782453262L, 
-353685968L, 1789999012L, -228270664L, -642644134L, 1648328848L, 
36000636L, -1790525164L, -2106775230L, -1880450816L, 68402744L, 
-1909349407L, 1677233299L, 96003764L, -1807787070L, 178741207L, 
-1952198623L, -553437210L, 806572772L, 2144101909L, -1317904833L, 
52489688L, 1760539638L, 19835907L, -1506255035L, 1888885602L, 
-781032240L, -1643532295L, -985230549L, 838932636L, -2097842486L, 
269758399L, -1803257079L, -939068386L, -751338036L, -365455459L, 
-1414716889L, -370560944L, 472135918L, 1663133083L, -75551747L, 
1265432298L, 581681544L, 67374897L, -1566597213L, -1587365980L, 
1044472402L, 1563539879L, 2011196913L, 539187510L, 606581204L, 
157325157L, -1163688081L, 1782114728L, 1848758022L, -1892312525L, 
-183449451L, -1236256526L, 2121302336L, -1791627607L, 2119923483L, 
1860124908L, 411991290L, -1114974929L, -337563335L, 578728782L, 
1949247900L, -185900275L, -1629665929L, 435655040L, 461785054L, 
1932279979L, -798481491L, -169326566L, -1915924776L, -1326235839L, 
817012723L, 737468948L, -354210910L, -1372269385L, -221692287L, 
493766278L, -1676599612L, 1369677813L, 1253353055L, 1452507320L, 
-905296490L, 1819158435L, 1895811941L, 594283138L, 2063484912L, 
-1816501863L, 1978511243L, -734778756L, -1698162518L, -1230718241L, 
750757993L, 592519806L, -1398719892L, 1953380029L, 1375153031L, 
-137887888L, -1022196210L, -1597121733L, -306223075L, -222932790L, 
1516063720L, -863340335L, -2116754237L, -145343548L, 736010354L, 
-2136559289L, 1098767633L, 608962710L, 1202048500L, 1664843653L, 
1709866703L, -1316815928L, 313014886L, 1720624275L, 124013557L, 
1622224338L, 1128242720L, 1941078025L, 1750308155L, -38774644L, 
2016785690L, -1658078321L, -1579514663L, -973141138L, 545516284L, 
-428730259L, -1927564265L, -486660640L, 1557918142L, 918267787L, 
-1140463603L, 884686906L, 1861832824L, 908090401L, -2065187117L, 
-701882892L, 164281986L, -1026901225L, 617052641L, -153098458L, 
252621348L, 1016022229L, 470938751L, -480798440L, 212707382L, 
